80605
80606
80610
80611
80612
80613
80614
80615
80616
80617
80618
80619
80620
80621
80622
80623
80624
80627
80628
80629
80632
80633
80635
80636
80637
80638
80639
80640
80641
80642
80643
80644
80645
80647
80648
80649
80650
80651
80652
80653
80654
80655
80656
80657
80658
80659
80660
80661
80662
80663
80665
80669
80670
80673
80675
80677
80678
80679
80680
80681
80682
80683
80684
80685
80686
80687
80688
80689
80690
80691
80692
80693
80694
80695
80696
80697
80698
80699
80700
80701
80702
80703
80705
80706
80707
80708
80709
80710
80711
80712
80719
80720
80721
80722
80724
80726
80728
80730
80732
80736
80737
80738
80740
80741
80742
80782
80783
80784
80785
80786
80787
80788
80789
80790
80856
80857
80858
80859
80860
80861
80862
80863
80865
80866
80867
80869
80870
80871
80872
80873
80876
80879
80882
80885
80886
80887
80888
80889
80890
80891
80892
80893
80894
80895
80896
80897
80898
80899
80900
80901
80902
80938
80944
80949
80950
80951
80952
80954
80955
80956
80958
80959
80960
80962
80963
80966
80968
80970
80971
80972
80974
80975
80977
81002
81004
81005
81006
81007
81008
81009
81010
81011
81012
81013
81014
81015
81022
81056
81057
81058
81059
81060
81061
81062
81063
81064
81065
81066
81067
81068
81069
81072
81073
81074
81075
81088
81099
81100
81112
1
2
3
4
5
6
7
8
9
11
12
13
14
15
16
17
18
19
10
20
21
23
24
29
30
31
32
33
34
35
36
37
38
39
40
41
42
43
44
45
46
47
48
49
50
51
52
53
55
56
57
58
59
60
61
62
63
64
65
66
67
68
69
70
71
72
73
